non_smooth: 1.4309690811052556
non_smooth: 1.7109632624891247
smooth: 73.22541838426795
smooth: 70.52046013308096
